-2.561306580901145935e-03
-7.694669533520936966e-03
-1.062772143632173538e-02
-1.418189890682697296e-02
4.148863628506660461e-02
8.824118413031101227e-03
4.976600781083106995e-02
2.612558566033840179e-02
4.505805671215057373e-03
1.646866090595722198e-02
-3.040572814643383026e-02
2.672421373426914215e-02
-4.434502217918634415e-03
-4.162193741649389267e-03
2.832074416801333427e-03
5.064146593213081360e-02
-3.799517452716827393e-02
-5.143975466489791870e-02
3.236749395728111267e-02
4.450385458767414093e-03
-4.883739631623029709e-03
-2.281381003558635712e-02
-8.804280310869216919e-03
-3.444919362664222717e-02
2.298528701066970825e-02
-1.732229441404342651e-02
-2.645443193614482880e-02
9.198486804962158203e-03
1.315899100154638290e-02
2.426937222480773926e-02
3.435551747679710388e-02
-2.651462703943252563e-02
-3.694982454180717468e-02
-4.470818489789962769e-02
6.709670182317495346e-03
-4.012982174754142761e-02
-2.545292116701602936e-02
-4.079319536685943604e-02
-3.176502138376235962e-02
-1.777457073330879211e-02
-2.452901192009449005e-02
-1.212261966429650784e-03
1.608116365969181061e-02
-1.576939038932323456e-02
-3.673954680562019348e-02
1.751919277012348175e-02
-1.673755422234535217e-02
3.109964309260249138e-03
8.144147694110870361e-03
-2.272691763937473297e-02
