-5.892541958019137383e-04
3.460187464952468872e-02
-4.931129980832338333e-03
-2.301325090229511261e-02
-3.290714696049690247e-02
-9.253384545445442200e-03
2.084003202617168427e-02
2.030555345118045807e-02
3.266521915793418884e-02
-4.530663602054119110e-03
-1.025229692459106445e-03
-2.034826949238777161e-02
-3.064925316721200943e-03
3.976160194724798203e-03
-2.563005872070789337e-02
-4.805820062756538391e-03
-1.189722772687673569e-02
1.802015863358974457e-02
-2.415356226265430450e-03
8.050395175814628601e-03
9.566998342052102089e-04
2.410493604838848114e-02
2.959144674241542816e-02
1.338744349777698517e-02
-2.698096260428428650e-02
-2.574051916599273682e-02
-2.405814640223979950e-02
2.129530347883701324e-02
-3.608105704188346863e-02
-5.462292581796646118e-03
3.024245798587799072e-02
2.426908910274505615e-02
-1.148673892021179199e-02
-2.907098038122057915e-03
2.905275672674179077e-02
-6.230162922292947769e-03
-2.516816370189189911e-03
2.644919045269489288e-02
1.738529093563556671e-02
3.460616990923881531e-02
-3.584360703825950623e-02
5.339661147445440292e-03
6.255560554563999176e-03
-2.940170839428901672e-02
-3.696939675137400627e-03
-1.668106019496917725e-02
2.998796664178371429e-02
2.060802094638347626e-02
-3.328794240951538086e-02
3.381251543760299683e-02
1.880083727883175015e-04
-3.448004648089408875e-02
-2.377473749220371246e-02
-9.076220914721488953e-03
1.496442034840583801e-02
-6.347647402435541153e-03
-2.086267434060573578e-02
2.525566518306732178e-02
-3.120500035583972931e-02
2.923027239739894867e-02
-2.031631954014301300e-02
1.516023278236389160e-02
2.752371132373809814e-02
-1.773523911833763123e-02
-2.151136752218008041e-03
-4.939796403050422668e-03
1.485695037990808487e-02
-2.777280844748020172e-02
-2.439345046877861023e-02
-2.023473940789699554e-02
1.816207915544509888e-02
-1.262375712394714355e-02
-1.648109522648155689e-03
7.360106334090232849e-03
-2.245519682765007019e-02
1.027616392821073532e-02
-9.523444809019565582e-03
-2.298929728567600250e-02
2.171483077108860016e-02
-2.119562402367591858e-02
2.345037274062633514e-02
-1.607637107372283936e-02
3.049118630588054657e-02
1.721055991947650909e-02
2.707588858902454376e-02
1.072207838296890259e-02
2.016394585371017456e-02
-1.606223359704017639e-02
2.578774094581604004e-02
3.056237241253256798e-03
2.476344257593154907e-02
3.470157831907272339e-02
7.222721818834543228e-03
-3.335037827491760254e-02
2.509091049432754517e-02
-7.616280112415552139e-03
-6.405365653336048126e-03
2.339890599250793457e-02
9.128510020673274994e-03
-3.242899850010871887e-02
1.127808261662721634e-02
-2.360520884394645691e-02
4.388081375509500504e-03
-2.921173349022865295e-02
-1.025415398180484772e-02
-3.154656663537025452e-02
2.162013575434684753e-02
3.858797997236251831e-02
7.810410112142562866e-03
4.307491704821586609e-03
1.264007482677698135e-02
-4.072976112365722656e-02
3.143927454948425293e-02
-5.410132464021444321e-03
-1.722392975352704525e-03
1.325957477092742920e-02
-2.439445815980434418e-02
4.960170947015285492e-03
-3.282190067693591118e-03
-2.609926089644432068e-02
-1.541571877896785736e-02
-2.804415486752986908e-02
3.748392686247825623e-02
2.415099367499351501e-02
1.523301657289266586e-02
-7.335400441661477089e-04
-3.013564646244049072e-02
2.912529371678829193e-02
2.784867584705352783e-02
5.014503374695777893e-03
1.012642774730920792e-02
-3.669727127999067307e-03
1.939439959824085236e-02
-1.572676002979278564e-02
1.142775267362594604e-02
-3.195324167609214783e-02
6.996415089815855026e-03
3.690600395202636719e-03
-2.140314690768718719e-02
7.216238882392644882e-03
1.361615722998976707e-03
-1.974640041589736938e-02
1.730045420117676258e-03
3.675696253776550293e-02
-3.243499994277954102e-02
3.202119609341025352e-03
3.777322545647621155e-02
-1.652118004858493805e-02
-6.083020940423011780e-03
-3.206845140084624290e-03
2.185461297631263733e-02
2.988016419112682343e-02
-3.518509119749069214e-02
-1.956675760447978973e-02
3.565296530723571777e-02
1.895688474178314209e-02
-2.554352581501007080e-02
-2.243231795728206635e-02
1.458703726530075073e-02
-3.645005449652671814e-02
3.999378532171249390e-02
1.510531362146139145e-02
1.188680398627184331e-04
2.123357355594635010e-02
-1.928146742284297943e-02
3.441880270838737488e-02
4.606855218298733234e-04
-1.511421333998441696e-02
-1.306540612131357193e-02
3.123353701084852219e-03
2.235547080636024475e-02
4.630827810615301132e-03
1.754345372319221497e-02
2.969858609139919281e-02
-3.890487598255276680e-03
2.443929202854633331e-02
3.052176535129547119e-02
3.030983917415142059e-02
3.620523214340209961e-02
-1.541398745030164719e-02
-9.952124673873186111e-04
-2.945156767964363098e-02
-2.224487625062465668e-02
-2.475202549248933792e-03
-7.762648630887269974e-03
-5.350473802536725998e-03
-6.956823170185089111e-03
-7.534869946539402008e-03
2.683835104107856750e-02
1.054611429572105408e-02
-3.127878159284591675e-02
-5.223654676228761673e-03
9.876415133476257324e-03
-3.293483331799507141e-02
-1.122460234910249710e-02
1.438461244106292725e-02
1.864368468523025513e-02
-5.290046334266662598e-03
4.441247787326574326e-03
1.846979930996894836e-02
-8.081726729869842529e-03
-1.896809414029121399e-02
-4.880072548985481262e-03
-1.249508350156247616e-03
-2.351108193397521973e-02
-1.181993819773197174e-02
1.062599592842161655e-03
-1.176832057535648346e-02
4.398509487509727478e-02
-1.935793645679950714e-02
-2.861655876040458679e-02
-1.126660779118537903e-02
-1.442863605916500092e-02
-1.006344892084598541e-02
-1.265049446374177933e-02
-3.226297674700617790e-03
-2.171616069972515106e-02
2.528702095150947571e-02
-1.666490919888019562e-02
3.444480523467063904e-02
-9.100948460400104523e-03
2.054959349334239960e-02
-3.605799283832311630e-03
2.686073072254657745e-02
-2.159590274095535278e-02
3.358827903866767883e-02
7.244392763823270798e-03
3.525084629654884338e-02
1.662363531067967415e-03
-3.730429336428642273e-02
1.088361907750368118e-02
2.002172637730836868e-03
-7.880880148150026798e-04
-2.905702777206897736e-02
4.539667814970016479e-02
1.235618628561496735e-02
4.018080234527587891e-02
1.425065379589796066e-02
-3.434948250651359558e-02
-1.809469237923622131e-02
-2.431259490549564362e-02
3.542303573340177536e-03
-2.470358461141586304e-02
2.787160873413085938e-02
-1.063210517168045044e-02
-6.697564851492643356e-03
2.136142365634441376e-02
5.689071025699377060e-03
2.192867919802665710e-02
-4.800513852387666702e-03
1.561807817779481411e-03
1.770286262035369873e-02
-1.630701124668121338e-02
3.389295190572738647e-02
-3.100082650780677795e-02
6.907268543727695942e-04
-2.337135374546051025e-02
1.814346387982368469e-02
2.174192294478416443e-02
-1.541210338473320007e-02
-2.743593603372573853e-02
-1.013112161308526993e-02
-1.387557294219732285e-02
6.857346277683973312e-03
4.579175263643264771e-03
-1.700125075876712799e-02
-2.677511610090732574e-02
-2.369180694222450256e-02
5.164882168173789978e-03
3.010187484323978424e-02
-3.555049747228622437e-02
3.139271587133407593e-02
2.354832738637924194e-02
1.741840317845344543e-02
-6.194976624101400375e-03
2.753312513232231140e-02
-3.802686184644699097e-02
3.743448108434677124e-02
7.479953113943338394e-03
-9.016027674078941345e-03
1.984907127916812897e-02
-3.137594321742653847e-03
-4.061103798449039459e-03
-1.113791484385728836e-02
1.650161109864711761e-02
-3.083351440727710724e-02
-2.630675025284290314e-02
-2.075439691543579102e-02
-6.164039019495248795e-03
-1.017124392092227936e-02
2.069093659520149231e-02
-2.254424244165420532e-02
-1.644118502736091614e-02
-8.909752592444419861e-03
-3.243317082524299622e-02
1.544315926730632782e-02
-1.198783516883850098e-02
1.904573291540145874e-02
-2.551263198256492615e-02
3.726344928145408630e-02
-5.428657867014408112e-03
-2.518579922616481781e-02
2.076037041842937469e-02
-1.366117876023054123e-02
6.364002823829650879e-03
3.319361433386802673e-02
-2.786011621356010437e-02
-2.839338965713977814e-02
1.765651814639568329e-02
5.021984688937664032e-04
-1.511804293841123581e-02
-1.011954341083765030e-02
2.029057219624519348e-02
2.114364411681890488e-03
1.125004515051841736e-02
-1.054116874001920223e-03
7.828827947378158569e-03
-5.890004336833953857e-03
-4.604995774570852518e-04
-1.162914279848337173e-02
-8.981369435787200928e-03
-2.186536230146884918e-02
2.461684867739677429e-02
-9.403854608535766602e-03
-3.181765228509902954e-02
-3.210342675447463989e-02
1.157621666789054871e-02
-3.086584853008389473e-03
3.904836252331733704e-02
3.382281959056854248e-02
-1.359789283014833927e-03
2.410275489091873169e-02
6.043310742825269699e-03
3.307566791772842407e-02
-1.271163951605558395e-02
1.277068164199590683e-03
1.177963800728321075e-02
1.650516130030155182e-02
1.065609324723482132e-02
-2.425276301801204681e-02
2.306867204606533051e-02
-2.460802532732486725e-02
-9.464843198657035828e-03
2.615341730415821075e-02
2.062943018972873688e-02
-4.504887387156486511e-03
-3.537102788686752319e-02
-3.016512840986251831e-02
-6.706510670483112335e-03
1.851861923933029175e-02
1.375659275799989700e-02
2.981308102607727051e-02
-9.209916926920413971e-03
-9.309560991823673248e-03
2.384415268898010254e-02
-3.510307986289262772e-03
3.049133345484733582e-02
-1.522306445986032486e-02
-1.466482412070035934e-02
-4.642023704946041107e-03
2.769275382161140442e-02
4.250294715166091919e-02
1.673141308128833771e-02
-1.333126798272132874e-02
2.929657325148582458e-02
-3.183207660913467407e-02
1.321850996464490891e-02
-1.934858225286006927e-02
-2.097905240952968597e-02
1.890455931425094604e-02
-2.898156642913818359e-02
-1.625220663845539093e-02
-2.785454876720905304e-02
1.165523752570152283e-02
1.794428564608097076e-02
1.401498541235923767e-02
-3.279201686382293701e-02
3.066729567945003510e-02
-5.124335177242755890e-03
-5.788852926343679428e-03
-2.113385498523712158e-02
2.126530371606349945e-02
1.890757121145725250e-02
-1.607149140909314156e-03
-8.149726316332817078e-03
-9.924084879457950592e-04
1.590379513800144196e-02
-2.145877294242382050e-02
2.748498320579528809e-02
1.702044531702995300e-02
-2.791438624262809753e-02
-2.096217498183250427e-02
-2.068551629781723022e-02
2.220183424651622772e-02
1.585451699793338776e-02
-2.138569764792919159e-02
-2.619756944477558136e-02
-3.352910047397017479e-03
2.127899602055549622e-02
-2.984253875911235809e-02
8.168330416083335876e-03
1.722651068121194839e-04
-3.556725010275840759e-02
-4.932596813887357712e-03
-9.484882466495037079e-03
1.457735616713762283e-02
-1.974182203412055969e-02
1.759574934840202332e-02
4.525747150182723999e-02
-2.305145142599940300e-03
-1.580369472503662109e-02
3.357207402586936951e-02
-6.361389532685279846e-03
-4.946118686348199844e-03
-2.011569589376449585e-02
3.810584545135498047e-02
-3.405861556529998779e-02
-2.647060714662075043e-02
2.066823467612266541e-02
6.556001491844654083e-03
1.865435577929019928e-02
-2.545141428709030151e-02
-7.075464352965354919e-03
2.722896821796894073e-02
2.979446016252040863e-02
8.059679530560970306e-03
9.952803142368793488e-03
3.195503726601600647e-02
4.375512711703777313e-03
1.884651370346546173e-02
1.622466370463371277e-02
1.407749392092227936e-02
2.309963572770357132e-03
-1.360809430480003357e-02
2.520672976970672607e-02
-9.631828404963016510e-03
4.076618701219558716e-02
-1.420916523784399033e-02
1.747555658221244812e-02
-8.228164166212081909e-03
-2.797397971153259277e-02
3.091792110353708267e-03
-2.929238043725490570e-02
3.162922710180282593e-02
-3.897091140970587730e-03
-2.899131923913955688e-02
3.117541223764419556e-02
-3.005966311320662498e-03
2.910415641963481903e-02
-3.576140105724334717e-02
-4.307035822421312332e-03
2.818469516932964325e-02
2.977622672915458679e-03
3.120513260364532471e-02
3.271206468343734741e-02
-4.601238295435905457e-03
2.524385601282119751e-02
-8.533542044460773468e-03
-1.092106383293867111e-02
6.974737625569105148e-03
1.105011813342571259e-02
-1.954558491706848145e-02
2.492898888885974884e-02
-1.250413525849580765e-02
-2.858463861048221588e-02
2.308264188468456268e-02
1.914499141275882721e-02
1.538350991904735565e-02
3.018664941191673279e-02
3.094775229692459106e-02
2.496083080768585205e-02
-2.251676470041275024e-02
5.595090333372354507e-03
1.972242072224617004e-02
-1.612294092774391174e-02
1.614740816876292229e-03
2.201038040220737457e-02
-4.710859138867817819e-05
-3.465920314192771912e-02
4.176142439246177673e-02
2.984964055940508842e-03
-5.720295943319797516e-03
-9.583831764757633209e-03
1.176682487130165100e-02
-1.434784196317195892e-02
-2.942109666764736176e-02
1.696096733212471008e-02
1.477140747010707855e-02
-1.918949373066425323e-02
1.788923144340515137e-02
2.752792090177536011e-02
8.180295117199420929e-03
1.797596365213394165e-02
1.922188675962388515e-03
1.052860077470541000e-02
-1.436106022447347641e-02
2.998775616288185120e-02
1.531438995152711868e-02
-3.290808945894241333e-02
1.786516979336738586e-02
