6.527911871671676636e-02
1.668431013822555542e-01
5.141744622960686684e-04
1.371675822883844376e-02
8.456128090620040894e-02
2.113315016031265259e-01
2.198477741330862045e-03
-1.784252235665917397e-03
1.646943986415863037e-01
2.214641720056533813e-01
-6.022971123456954956e-02
-9.760943800210952759e-02
6.387459486722946167e-02
1.641439199447631836e-01
4.401929676532745361e-02
-8.134260773658752441e-02
-3.432506229728460312e-03
1.206451132893562317e-01
1.172732412815093994e-01
6.360188592225313187e-03
