0 0 0 38870 0 45119 0 0 0 0 
0 0 0 0 0 0 0 0 0 0 
0 0 0 3041 0 0 0 0 0 0 
0 56554 0 0 0 0 0 0 0 0 
0 0 0 0 0 0 0 0 0 0 
0 0 43753 825 0 0 0 0 0 0 
0 68908 0 12750 0 0 0 0 0 0 
0 0 0 63366 0 0 0 0 0 0 
0 60244 0 5903 0 0 0 0 0 0 
0 0 0 0 0 0 0 0 0 0 
0 0 0 63725 0 0 0 0 0 0 
0 0 0 0 0 31698 0 0 0 0 
0 0 0 84158 0 0 0 0 0 0 
0 0 0 0 0 0 0 0 0 0 
0 57216 0 4493 0 0 0 0 0 0 
0 0 0 0 0 0 0 30323 0 0 
0 0 45694 7466 0 0 0 1085 0 0 
0 0 0 0 0 0 0 0 0 0 
0 0 0 0 0 0 0 0 0 0 
0 0 0 0 0 0 0 0 0 0 
0 0 0 0 0 0 0 0 0 0 
0 0 0 0 0 0 0 0 0 0 
0 0 0 0 0 0 0 0 0 0 
0 58259 0 0 0 0 0 0 0 0 
0 11578 0 22284 0 0 0 0 0 0 
0 0 48947 39459 0 0 0 0 0 0 
0 0 0 0 0 0 0 0 0 0 
0 0 0 80734 0 0 0 0 0 0 
0 0 38927 12679 0 0 0 37033 0 0 
0 0 0 0 0 0 0 9028 0 0 
0 5374 0 37963 0 0 0 0 0 0 
0 0 0 1446 0 0 0 0 0 0 
0 0 0 0 0 0 0 0 0 0 
0 0 0 4613 0 0 0 0 0 0 
0 0 0 0 0 0 0 0 0 0 
0 0 0 4120 0 49172 0 0 0 0 
0 0 0 0 0 0 0 0 0 0 
0 0 0 0 0 0 0 0 0 0 
0 0 20924 6004 0 0 0 32217 0 0 
0 0 0 0 0 0 0 0 0 0 
0 73115 0 7972 0 0 0 0 0 0 
0 0 0 0 0 0 0 0 0 0 
0 0 0 2996 0 0 0 38467 0 0 
0 0 0 6787 0 0 0 0 0 0 
0 0 0 39169 0 0 0 0 0 0 
0 0 0 0 0 0 0 0 0 0 
0 0 0 0 0 0 0 0 0 0 
0 0 0 0 0 63761 0 0 0 0 
0 0 0 23500 0 22712 0 0 0 0 
0 0 0 60455 0 21116 0 0 0 0 
0 0 0 63190 0 6219 0 0 0 0 
0 0 0 0 0 0 0 0 0 0 
0 0 0 0 0 0 0 61125 0 0 
0 0 0 0 0 0 0 0 0 0 
0 0 0 0 0 0 0 0 0 0 
0 0 0 0 0 0 0 0 0 0 
0 0 0 0 0 0 0 0 0 0 
0 0 0 0 0 0 0 0 0 0 
0 0 0 0 0 0 0 0 0 0 
0 57122 0 0 0 0 0 0 0 0 
0 0 0 0 0 0 0 0 0 0 
0 0 0 0 0 0 0 0 0 0 
0 0 0 0 0 0 0 0 0 0 
0 0 0 0 0 0 0 0 0 0 
0 0 0 0 0 0 0 0 0 0 
0 0 0 0 0 49654 0 0 0 0 
0 0 0 0 0 0 0 0 0 0 
0 54526 0 0 0 0 0 0 0 0 
0 0 0 734 0 0 0 0 0 0 
0 0 0 0 0 0 0 0 0 0 
0 28742 23196 24790 0 0 0 0 0 0 
0 0 0 0 0 0 0 33339 0 0 
0 66287 0 4683 0 0 0 0 0 0 
0 0 0 0 0 0 0 0 0 0 
0 0 0 64296 0 0 0 0 0 0 
0 0 0 526 0 0 0 0 0 0 
0 0 49040 29457 0 0 0 0 0 0 
0 57465 0 0 0 0 0 0 0 0 
0 53124 0 5906 0 0 0 0 0 0 
0 0 0 0 0 0 0 29095 0 0 
0 0 0 931 0 0 0 0 0 0 
0 0 0 0 0 0 0 0 0 0 
0 0 65396 13559 0 0 0 0 0 0 
0 0 0 0 0 0 0 0 0 0 
0 0 1428 11072 0 0 0 57915 0 0 
0 0 0 11033 0 0 0 0 0 0 
0 0 0 48821 0 10986 0 0 0 0 
0 0 0 0 0 0 0 0 0 0 
0 0 0 0 0 0 0 0 0 0 
0 0 0 0 0 0 0 0 0 0 
0 0 0 0 0 0 0 0 0 0 
0 0 0 0 0 0 0 51442 0 0 
0 0 0 0 0 0 0 0 0 0 
0 0 0 0 0 0 0 0 0 0 
0 0 0 0 0 0 0 0 0 0 
0 0 0 0 0 0 0 0 0 0 
0 0 0 0 0 0 0 52109 0 0 
0 0 0 0 0 0 0 0 0 0 
0 0 0 63076 0 2360 0 0 0 0 
0 55662 0 9272 0 0 0 4434 0 0 
0 0 0 0 0 20664 0 0 0 0 
0 0 0 0 0 0 0 52814 0 0 
0 61729 0 2644 0 0 0 0 0 0 
0 0 0 0 0 0 0 60774 0 0 
0 48687 0 4343 0 0 0 0 0 0 
0 52474 0 0 0 0 0 0 0 0 
0 0 0 0 0 0 0 0 0 0 
0 0 0 71499 0 0 0 0 0 0 
0 0 0 780 0 0 0 0 0 0 
0 0 27644 0 0 0 0 0 0 0 
0 0 0 0 0 0 0 0 0 0 
0 0 0 43391 0 0 0 0 0 0 
0 76666 0 7855 0 0 0 0 0 0 
0 66369 528 0 0 0 0 0 0 0 
0 0 0 0 0 0 0 0 0 0 
0 0 0 0 0 0 0 0 0 0 
0 0 0 0 0 0 0 0 0 0 
0 0 45803 23075 0 0 0 0 0 0 
0 0 0 0 0 0 0 0 0 0 
0 0 0 0 0 0 0 0 0 0 
0 0 44115 19509 0 0 0 29283 0 0 
0 0 0 0 0 0 0 0 0 0 
0 16610 62076 15894 0 0 0 0 0 0 
0 0 0 0 0 0 0 60537 0 0 
0 61168 0 6950 0 0 0 0 0 0 
0 0 0 2620 0 0 0 0 0 0 
0 0 0 0 0 0 0 0 0 0 
0 0 0 0 0 0 0 0 0 0 
