-1.406122595071792603e-01 -8.892217278480529785e-02 1.538409292697906494e-01 2.156643569469451904e-01 -4.077574610710144043e-02 5.036216229200363159e-02 -9.928551316261291504e-02 1.593646258115768433e-01 -8.622662723064422607e-02 5.666179582476615906e-02 1.592355221509933472e-01 -1.021020188927650452e-01 -2.037192136049270630e-01 -2.958901971578598022e-02 1.123222932219505310e-01 -1.132665947079658508e-01 -1.587991416454315186e-02 -1.026109699159860611e-02 -3.962108120322227478e-02 -1.207866147160530090e-01
-5.034878477454185486e-02 1.951885372400283813e-01 -1.466827839612960815e-01 1.199489831924438477e-02 -1.637907624244689941e-01 1.639755070209503174e-01 8.825946599245071411e-02 5.554867163300514221e-02 -8.427967131137847900e-02 1.266871839761734009e-01 2.114076018333435059e-01 2.737936973571777344e-01 -1.565705984830856323e-02 -1.724570393562316895e-01 -1.525695025920867920e-01 2.578885257244110107e-01 2.888943850994110107e-01 1.303094923496246338e-01 -4.200743045657873154e-03 -6.886959075927734375e-02
3.274945914745330811e-02 2.012359797954559326e-01 -4.376504570245742798e-02 -3.383572772145271301e-02 3.277375549077987671e-02 1.817216128110885620e-01 2.143203914165496826e-01 1.203911229968070984e-01 3.152920678257942200e-02 -1.144514754414558411e-01 1.428456902503967285e-01 6.033520027995109558e-02 8.068238943815231323e-02 -1.198328286409378052e-01 -6.171008944511413574e-02 -1.467633098363876343e-01 1.186989396810531616e-01 3.081373572349548340e-01 3.264605998992919922e-01 2.551288604736328125e-01
1.565069109201431274e-01 7.368562370538711548e-02 2.964487671852111816e-01 1.637340784072875977e-01 -9.620923548936843872e-03 1.568592339754104614e-01 1.211585253477096558e-01 5.200745165348052979e-02 -1.555756628513336182e-01 1.541498750448226929e-01 -3.746000677347183228e-02 8.558564819395542145e-03 1.256182491779327393e-01 -5.900698527693748474e-02 -8.993507921695709229e-02 5.336405243724584579e-03 1.665719449520111084e-01 2.634683549404144287e-01 1.561899576336145401e-02 1.847197413444519043e-01
-6.280507147312164307e-02 1.157056838274002075e-01 9.671752899885177612e-02 -1.472004354000091553e-01 -1.991977542638778687e-01 -2.140627354383468628e-01 -1.915825307369232178e-01 -1.189186498522758484e-01 -3.717883722856640816e-03 -2.186322584748268127e-02 1.650164574384689331e-01 6.959705054759979248e-02 1.356257349252700806e-01 1.667170599102973938e-02 2.049393802881240845e-01 -9.700866043567657471e-02 9.358398616313934326e-02 -2.782056480646133423e-02 -7.443480193614959717e-02 -1.109922006726264954e-01
-4.082874394953250885e-03 -4.788085073232650757e-02 7.646807283163070679e-02 2.929818034172058105e-01 2.939248383045196533e-01 1.951137743890285492e-02 1.350398659706115723e-01 1.934622526168823242e-01 -1.034990996122360229e-01 -6.789338588714599609e-02 -1.082570999860763550e-01 -2.924367040395736694e-02 2.439665794372558594e-02 -1.207038387656211853e-01 1.709529608488082886e-01 -5.557259917259216309e-02 8.068052679300308228e-02 2.107528299093246460e-01 -1.093903854489326477e-01 5.016873776912689209e-02
-2.623560093343257904e-02 -1.531458050012588501e-01 -1.376546360552310944e-02 8.800983428955078125e-02 -3.574850037693977356e-02 3.494742140173912048e-02 -8.830226212739944458e-02 -1.721745170652866364e-02 8.478192239999771118e-02 -1.560495942831039429e-01 1.065906733274459839e-01 -1.012016907334327698e-01 1.782108657062053680e-02 7.028274983167648315e-02 -1.935629397630691528e-01 -4.271648079156875610e-02 -1.362211406230926514e-01 -3.757884353399276733e-02 1.557706147432327271e-01 3.484527021646499634e-02
-1.898100674152374268e-01 1.793681085109710693e-01 -1.457634121179580688e-01 -1.437218785285949707e-01 7.966767996549606323e-03 1.370487660169601440e-01 -5.834849923849105835e-02 -1.727169007062911987e-01 -1.041963249444961548e-01 1.698131859302520752e-01 5.254192277789115906e-02 3.122411966323852539e-01 1.855128854513168335e-01 2.410297691822052002e-01 2.898392975330352783e-01 -4.499150067567825317e-02 3.191749155521392822e-01 3.246617913246154785e-01 2.120281159877777100e-01 6.555369496345520020e-02
1.837417036294937134e-01 1.746865659952163696e-01 1.671141684055328369e-01 3.232686817646026611e-01 2.029036134481430054e-01 2.472698986530303955e-01 2.106781303882598877e-01 2.400185912847518921e-02 -1.826815307140350342e-01 -1.923430711030960083e-01 3.734579309821128845e-02 9.041730314493179321e-02 -1.641083061695098877e-01 -1.182429194450378418e-01 -1.104164570569992065e-01 1.811880171298980713e-01 3.133094906806945801e-01 2.492074221372604370e-01 -6.287399679422378540e-02 1.067575067281723022e-01
-9.108960628509521484e-02 1.094378754496574402e-01 2.588442713022232056e-02 9.917881339788436890e-02 -6.406981498003005981e-02 8.798037469387054443e-02 2.453092634677886963e-01 2.339580678381025791e-04 -1.546553969383239746e-01 -1.470516175031661987e-01 2.200522720813751221e-01 2.332961559295654297e-01 -4.952253401279449463e-02 -1.291077136993408203e-01 9.444246441125869751e-02 3.167598694562911987e-02 -5.208702012896537781e-02 -1.591532118618488312e-02 1.217430159449577332e-01 1.971877515316009521e-01
-6.950446963310241699e-02 -1.713324487209320068e-01 2.596043944358825684e-01 2.084748595952987671e-01 -9.716538712382316589e-03 -2.187763340771198273e-02 5.798480287194252014e-02 2.701704502105712891e-01 -9.170769155025482178e-02 -4.001189768314361572e-02 -9.045872837305068970e-02 2.079645544290542603e-01 1.324367523193359375e-01 8.050305396318435669e-02 -2.939327433705329895e-02 -1.866398155689239502e-01 5.535248294472694397e-02 -1.064458936452865601e-01 1.129224076867103577e-01 1.742808818817138672e-01
-8.723606169223785400e-02 1.894936710596084595e-01 1.433299779891967773e-01 -1.589966006577014923e-02 -8.090100437402725220e-02 -7.833495736122131348e-02 -3.213389962911605835e-02 7.818189449608325958e-03 -1.122547592967748642e-02 1.908598989248275757e-01 -8.138593286275863647e-02 2.068146616220474243e-01 -3.846142499241977930e-04 4.588744044303894043e-02 5.129116401076316833e-02 -1.624773442745208740e-02 4.991819709539413452e-02 -1.681864261627197266e-01 4.328035563230514526e-02 -1.940709054470062256e-01
-5.784998834133148193e-02 -2.027797847986221313e-01 1.019009426236152649e-01 8.327941596508026123e-02 -1.094117760658264160e-01 1.309176236391067505e-01 -2.063939422369003296e-01 9.798961132764816284e-02 -1.232327222824096680e-01 -1.384822726249694824e-01 1.086898222565650940e-01 6.954288482666015625e-02 -1.382276713848114014e-01 1.612648516893386841e-01 2.665785700082778931e-02 2.034087330102920532e-01 1.562491990625858307e-03 -1.122991368174552917e-02 9.750823676586151123e-02 -7.289699465036392212e-02
3.053289651870727539e-01 3.086106777191162109e-01 1.948561519384384155e-01 8.337008208036422729e-02 2.392798662185668945e-01 1.570622175931930542e-01 3.718264773488044739e-02 2.148695290088653564e-01 2.157703638076782227e-01 2.140271663665771484e-02 1.583717167377471924e-01 3.595320880413055420e-02 2.410696446895599365e-02 -8.522812277078628540e-02 -9.661661833524703979e-02 -8.841396868228912354e-02 -1.666933596134185791e-01 1.000788360834121704e-01 -9.103131294250488281e-02 8.125633001327514648e-03
1.185199767351150513e-01 -3.004552237689495087e-02 -8.872729539871215820e-02 -1.340190172195434570e-01 2.356896996498107910e-01 -1.437706500291824341e-01 1.632861606776714325e-02 -4.160159081220626831e-02 4.533640295267105103e-02 1.732931733131408691e-01 -8.157882094383239746e-02 -1.631251722574234009e-01 1.035507023334503174e-01 7.250715047121047974e-02 -9.970132261514663696e-02 1.455650925636291504e-01 -1.416174322366714478e-01 9.294538944959640503e-02 1.507297456264495850e-01 6.929218024015426636e-02
-1.851897686719894409e-01 7.805280387401580811e-02 1.566233634948730469e-01 -4.966258630156517029e-02 2.742659859359264374e-02 -1.572826057672500610e-01 7.290358189493417740e-03 -6.597252935171127319e-02 -1.236725226044654846e-01 2.034008055925369263e-01 -5.733628571033477783e-02 -8.368523791432380676e-03 -3.062851727008819580e-02 -2.522099204361438751e-02 -1.303385347127914429e-01 -4.884378612041473389e-02 -1.220267862081527710e-01 -1.395151913166046143e-01 5.660492554306983948e-02 -1.160557866096496582e-01
4.663981497287750244e-02 -1.425258442759513855e-02 -1.353936642408370972e-01 -4.807128570973873138e-03 -9.523532539606094360e-02 -1.140147522091865540e-01 -9.354502707719802856e-02 -2.355843186378479004e-01 -1.853308230638504028e-01 1.158275678753852844e-01 -1.342657357454299927e-01 -2.314809858798980713e-01 -7.541752606630325317e-02 2.181474417448043823e-01 9.964299947023391724e-02 -2.270304039120674133e-02 1.313521713018417358e-01 -1.419872790575027466e-01 -2.051876671612262726e-02 8.256804198026657104e-02
2.511311173439025879e-01 6.878856220282614231e-04 3.472565114498138428e-01 3.444771766662597656e-01 3.650765717029571533e-01 6.442160904407501221e-02 1.255470663309097290e-01 3.615437448024749756e-01 6.792076677083969116e-02 3.220380842685699463e-01 6.309930235147476196e-02 -7.571300119161605835e-02 -1.899738460779190063e-01 -1.422898918390274048e-01 -3.736175596714019775e-02 2.531820908188819885e-02 -1.100161746144294739e-01 -1.133301928639411926e-01 2.850922290235757828e-03 4.011339973658323288e-03
6.745766848325729370e-02 1.937542110681533813e-01 -8.756017684936523438e-02 -1.388658434152603149e-01 -1.440710574388504028e-01 6.275726854801177979e-02 6.063404679298400879e-02 5.595133826136589050e-02 -5.567351356148719788e-02 6.822299957275390625e-02 -3.792232833802700043e-03 1.297693550586700439e-01 -1.664770245552062988e-01 1.354448199272155762e-01 -1.571665853261947632e-01 1.471515893936157227e-01 1.228278130292892456e-01 -4.115124698728322983e-03 -1.375430971384048462e-01 -1.814192086458206177e-01
1.849920302629470825e-01 -1.195975542068481445e-01 -8.519003540277481079e-02 1.434699296951293945e-01 -1.179022341966629028e-01 2.258978933095932007e-01 -1.024400591850280762e-01 -1.645349413156509399e-01 -8.476363122463226318e-02 8.099462091922760010e-02 1.066564694046974182e-01 7.203193753957748413e-02 -1.312735825777053833e-01 1.603392884135246277e-02 -1.003854125738143921e-01 1.903951764106750488e-01 -6.934029050171375275e-03 -1.751508265733718872e-01 -1.495704501867294312e-01 -6.095582991838455200e-02
-9.397067129611968994e-02 2.776026129722595215e-01 -6.536357570439577103e-03 1.381185948848724365e-01 -1.339298672974109650e-02 6.991504877805709839e-02 1.885485649108886719e-01 2.009611576795578003e-01 -1.847967505455017090e-01 -2.209073901176452637e-01 3.592939972877502441e-01 3.342742919921875000e-01 1.522979289293289185e-01 1.564993262290954590e-01 -1.308224499225616455e-01 1.361570954322814941e-01 3.320249319076538086e-01 2.868951559066772461e-01 3.159371018409729004e-01 -1.006874605081975460e-03
3.081448078155517578e-01 2.570965886116027832e-01 2.422739416360855103e-01 6.662297993898391724e-02 1.957150548696517944e-01 -1.532866060733795166e-01 9.391993284225463867e-02 1.283155679702758789e-01 -1.217545419931411743e-01 -1.226580739021301270e-01 9.979590028524398804e-02 -4.409307241439819336e-02 -1.058867052197456360e-01 1.066407859325408936e-01 -4.000818729400634766e-02 1.649169921875000000e-01 2.633411064743995667e-02 1.407810021191835403e-02 8.018124848604202271e-02 -2.282052114605903625e-02
1.399050205945968628e-01 -1.765199005603790283e-01 -1.786676347255706787e-01 -4.852191731333732605e-02 1.709667891263961792e-01 -9.451897442340850830e-02 -5.000985693186521530e-03 -5.374661833047866821e-02 2.861837111413478851e-02 -1.792621165513992310e-01 -1.463783979415893555e-01 1.068636402487754822e-01 1.316091567277908325e-01 2.199041098356246948e-01 -1.883744634687900543e-02 1.230573430657386780e-01 -3.800490126013755798e-02 -6.469171494245529175e-02 -7.402474433183670044e-02 8.970598131418228149e-02
5.863310396671295166e-02 -4.028723016381263733e-02 -2.008096426725387573e-01 5.217124149203300476e-02 1.263837963342666626e-01 -1.832572370767593384e-01 1.556305587291717529e-01 -8.667071163654327393e-02 5.448738485574722290e-02 -1.752783358097076416e-01 -2.217645198106765747e-01 -2.031755447387695312e-02 -1.391507983207702637e-01 2.499471791088581085e-02 1.210783123970031738e-01 2.284763753414154053e-01 5.026203021407127380e-02 1.064612716436386108e-01 1.537618488073348999e-01 1.812190562486648560e-02
2.997787594795227051e-01 7.819468528032302856e-02 2.743088603019714355e-01 1.887640953063964844e-01 2.880952954292297363e-01 2.688282728195190430e-01 3.022178113460540771e-01 9.601802378892898560e-02 5.251485481858253479e-02 2.651374414563179016e-02 1.104903370141983032e-01 2.310052216053009033e-01 -4.943878203630447388e-02 4.062112048268318176e-02 -1.475022882223129272e-01 1.040872782468795776e-01 -7.371993269771337509e-03 -1.740279793739318848e-01 -2.200466394424438477e-01 -2.113839983940124512e-01
